A:608,258
B:540,456
C:182,656
D:423,216
E:263,390
F:517,63
G:373,594
H:593,641
I:167,160
J:67,382
K:304,88
12:63,210
13:93,67
14:99,506
15:106,287
16:125,572
17:143,376
18:160,455
19:169,269
20:184,523
21:185,380
22:212,86
23:243,582
24:251,234
25:276,614
26:278,511
27:281,308
28:298,204
29:311,546
30:335,246
31:345,473
32:346,329
33:360,393
34:362,156
35:363,516
36:401,441
37:411,72
38:414,349
39:443,534
40:448,123
41:450,481
42:465,405
43:490,600
44:495,258
45:501,368
46:523,182
47:532,262
48:544,564
49:566,359
50:587,158
51:633,466
52:666,157
53:710,316
# Added afterwards, not in sorted order from left to right
54:204,451
55:595,535
56:528,317
57:468,318
58:231,313

1:36,38,45,46,47,49,50,51,52,53,56,57
2:26,31,33,36,38,39,41,42,43,45,48,49,51,53,55,56,57
3:16,18,20,23,25,26,29,54
4:5,24,27,28,30,32,34,37,38,40,44,46,56,57,58
5:4,10,15,18,19,20,21,23,24,26,27,31,32,33,35,38,48,54,58
6:34,37,40,42,46,50,52
7:20,23,25,26,29,31,35,36,39,41,43,48
8:39,41,43,48,51,53,55
9:11,12,13,15,17,19,22,24,27,28,38,58
10:5,12,14,15,17,18,19,20,27,30,54,58
11:9,13,22,24,28,30,34,37,40,46
12:9,10,13,15,19
13:9,11,12,22
14:10,16,18,20
15:5,9,10,12,17,19,21,27,58
16:3,14,17,20,25,58
17:9,10,15,16,18,19,21,23,58
18:3,5,10,14,17,20,21,26,31,35
19:5,9,10,12,15,17,20,21,24,27,30,49,58
20:3,5,7,10,14,16,18,19,23,26,29
21:5,15,17,18,19,24,27,54,58
22:9,11,13,24,28,32
23:3,5,7,17,20,25,26,29,42,54
24:4,5,9,11,19,21,22,27,28,30,32,38,56,58
25:3,7,16,23,29
26:2,3,5,7,18,20,23,29,31,33,35,54
27:4,5,9,10,15,19,21,24,28,30,32,33,34,57,58
28:4,9,11,22,24,27,30,34
29:3,7,20,23,25,26,31,35
30:4,10,11,19,24,27,28,32,34,36,38,41,45,57,58
31:2,5,7,18,26,29,33,35,36,38,39,44,47,48
32:4,5,22,24,27,30,33,38,41,42,49,57
33:2,5,26,27,31,32,36,38,42,56
34:4,6,11,27,28,30,37,40,58
35:5,7,18,26,29,31,36,39,41,43,49,55
36:1,2,7,30,31,33,35,38,39,41,42,57
37:4,6,11,34,40
38:1,2,4,5,9,24,30,31,32,33,36,39,42,44,45,47,56,57
39:2,7,8,31,35,36,38,41,43,48,55
40:4,6,11,34,37,44,46,47,50,52
41:2,7,8,30,32,35,36,39,42,48
42:2,6,23,32,33,36,38,41,45,49,57,58
43:2,7,8,35,39,48
44:4,31,38,40,45,46,47,49,56,57
45:1,2,30,38,42,44,46,47,49,51,56,57
46:1,4,6,11,40,44,45,47,50
47:1,31,38,40,44,45,46,49,50,56,57
48:2,5,7,8,31,39,41,43,51,55
49:1,2,19,32,35,42,44,45,47,51,53,56,57
50:1,6,40,46,47,52,53
51:1,2,8,45,48,49,53,55
52:1,6,40,50,53
53:1,2,8,49,50,51,52
54:3,5,10,21,23,26
55:2,8,35,39,48,51
56:1,2,4,24,33,38,44,45,47,49
57:1,2,4,27,30,32,36,38,42,44,45,47,49
58:4,5,9,10,15,16,17,19,21,24,27,30,34,42