The Gray Woods:352,618:S178
Southern Glade:369,976:C128
Rocky Mountains:664,623:S240
Eagle's Range:689,934:C131
Spice Market:862,1276:C110
The Dragon's Pass:995,232:C93
The Red Plateau:1056,636:S159
Lagoon Dock:1386,1372:C100
Old Deadwood:1442,870:S303
Northern Glade:1442,494:C139
Rice Fields:1746,872:S200
Shore Point:1850,344:C92
Serpent Lake:926,418:S186:X
Serpent Lake 2:1114,418:S186:X
Lagoon Bay:1217,1225:S150:X
Lagoon Interim:1367,1225:S150:X
Lagoon Ocean:1610,1362:S336:X
Virulent Waters:1063,927:S343:X
19:193,913
20:198,683
21:209,770
22:217,1029
23:241,847
24:254,521
25:298,749
26:301,1111
27:338,821
28:362,777
29:418,749
30:418,826
31:436,418
32:438,1162
33:478,703
34:480,536
35:480,615
36:480,809
37:483,1223
38:510,1122
39:514,778
40:520,933
41:526,854
42:542,1042
43:553,375
44:576,1185
45:592,307
46:595,460
47:610,795
48:634,1266
49:658,1182
50:670,387
51:674,758
52:674,1082
53:730,802
54:762,1150
55:799,484
56:806,762
57:817,370
58:882,1109
59:854,614
60:862,850
61:871,538
62:910,741
63:949,1149
64:1022,528
65:1064,1224
66:1114,1113
67:1100,1376
68:1136,1340
69:1150,725
70:1174,520
71:1189,292
72:1204,577
73:1268,816
74:1257,1135
75:1243,427
76:1258,663
77:1279,259
78:1323,333
79:1369,673
80:1471,310
81:1504,670
82:1531,1108
83:1612,694
84:1612,1036
85:1651,394
86:1666,646
87:1669,546
88:1792,1024
89:1801,697
90:1804,529
91:1873,859
# Nodes added afterwards
92:1245,746
93:1128,1135
94:865,1122
95:1169,743
96:965,725
97:1281,1036
98:1281,1112
99:947,545
100:1159,545
101:810,1051

1:20,21,23,24,25,27,28,29,30,31,33,34,35,36,39,43
2:19,20,21,22,23,25,26,27,28,29,30,32,36,38,40,41,42,49,54
3:29,30,31,33,34,35,39,40,41,43,45,46,47,50,51,53,55,56,57,59,60,61,62,96,99
4:30,33,36,37,38,39,40,41,42,44,47,51,52,53,54,56,58,59,60,62,63,94,101
5:32,42,44,48,49,52,54,55,56,58,63,65,66,67,68,93,94,101
6:43,45,46,50,57,71,77,80
7:56,59,61,62,64,69,70,72,76,79,92,96,99,100
8:67,68
9:69,73,74,76,79,81,82,83,84,85,87,88,89,90,92,95,97,98
10:69,70,71,72,73,75,76,78,79,80,81,83,85,86,87,89,90,92,100
11:81,82,83,84,85,86,87,88,89,90,91
12:77,78,80,81,85,86,87,89,90,91
# Excluded members shouldn't need any connected nodes (13-18)
19:2,20,21,22,23,26,27,28
20:1,2,19,21,23,24,25,27,36
21:1,2,19,20,22,23,24,25,27,28,29,30,36
22:2,19,21,23,25,26
23:1,2,19,20,21,22,24,25,27,28,30,41
24:1,20,21,23,31,43,46,50,55
25:1,2,20,21,22,23,27,28,29,30,33,39
26:2,19,22,32,37,38,44,49,54
27:1,2,19,20,21,23,25,28,29,30,36,39,40,41,51
28:1,2,19,21,23,25,27,29,30,33,36,39,41,47,51
29:1,2,3,21,25,27,28,30,33,35,36,39,40,42,51
30:1,2,3,4,21,23,25,27,28,29,33,34,35,36,39,40,41,47,53
31:1,3,24,33,34,35,43,45,46,50,55,57
32:2,5,26,37,38,40,42,44,47,48,49,52,54,58,66
33:1,3,4,25,28,29,30,31,35,36,38,39,40,43,47
34:1,3,30,31,35,39,43,44,46,50,57
35:1,3,29,30,31,33,34,39,40,43
36:1,2,4,20,21,27,28,29,30,33,39,40,41,43,47,51,53
37:4,26,32,38,39,40,42,44,48,49,52,63
38:2,4,26,32,33,37,39,40,42,44,49,52,54,58,63,94
39:1,3,4,25,27,28,29,30,33,34,35,36,37,38,40,41,47,51,53,56
40:2,3,4,27,29,30,32,33,35,36,37,38,39,41,42,47,48,49,51
41:2,3,4,23,27,28,30,36,39,40,42,47,53,56
42:2,4,5,29,32,37,38,40,41,44,48,49,52,54,58,65
43:1,3,6,24,31,33,34,35,36,45,46,50,55,57,61
44:4,5,26,32,34,37,38,42,48,49,52,54,58,94,101
45:3,6,31,43,46,50,55,57
46:3,6,24,31,34,43,45,50,55,57,61,64
47:3,4,28,30,32,33,36,39,40,41,51,53,56,60
48:5,32,37,40,42,44,49,54
49:2,5,26,32,37,38,40,42,44,48,52,54,58,63,66,101
50:3,6,24,31,34,43,45,46,55,57,59
51:3,4,27,28,29,36,39,40,47,53,56,60,62,96
52:4,5,32,37,38,42,44,49,54,58,63,65,66,93,94,101
53:3,4,30,36,39,41,47,51,56,60,62
54:2,4,5,26,32,38,42,44,48,49,52,58,60,63,66,94
55:3,5,24,31,43,45,46,50,56,57,58,59,60,61,64,99
56:3,4,5,7,39,41,47,51,53,55,57,58,59,60,62,94,96,99
57:3,6,31,34,43,45,46,50,55,56,59,60
58:4,5,32,38,42,44,49,52,54,55,56,59,60,63,65,66,67,93
59:3,4,7,50,55,56,57,58,60,61,62,64,96,99,101
60:3,4,47,51,53,54,55,56,57,58,59,61,62,94,101
61:3,7,43,46,55,59,60,62,64,70,96
62:3,4,7,51,53,56,59,60,61,95
63:4,5,37,38,49,52,54,58,65,66,67,68,93,94
64:7,46,55,59,61,70,72,76,79,81
65:5,42,52,58,63,66,67,68
66:5,32,49,52,54,58,63,65,67,68,98
67:5,8,58,63,65,66,68,93,94
68:5,8,63,65,66,67,93
69:7,10,70,72,75,77,78,79,81,83,86,96
70:7,10,61,64,69,72,73,75,76,79,81
71:6,10,75,76,77,78,79,80,85
72:7,10,64,69,70,73,75,76,78,79,81,83,95,100
73:9,10,70,72,74,75,76,77,78,97
74:9,73,75,76,82,84,88,93,97
75:10,69,70,71,72,73,74,76,77,78,79,80
76:7,9,10,64,70,71,72,73,74,75,77,78,79,81,86,95
77:6,12,69,71,73,75,76,78,80,85
78:10,12,69,71,72,73,75,76,77,80,85,95
79:7,9,10,64,69,70,71,72,75,76,81,83,86,87,89,90,95,100
80:6,10,12,71,75,77,78,85,87,90
81:9,10,11,12,64,69,70,72,76,79,83,85,86,87,89,90,100
82:9,74,84,88,98
83:9,10,11,69,72,79,81,84,85,86,87,89
84:9,11,74,82,83,85,86,87,88,97,98
85:9,10,11,12,71,77,78,80,81,83,84,86,87,89,90
86:10,11,12,69,76,79,81,83,84,85,87,89,90
87:9,10,11,12,79,80,81,83,84,85,86,89,90,91
88:9,11,74,82,84,91,98
89:9,10,11,12,79,81,83,85,86,87,90,91
90:9,10,11,12,79,80,81,85,86,87,89,91
91:11,12,87,88,89,90
92:7,9,10,69,70,72,74,76,78,79,95,97,100
93:5,52,58,63,67,68,74,94
94:4,5,38,44,52,54,56,60,63,67,93
95:9,62,72,76,78,79,92
96:3,7,51,56,59,61,69
97:9,73,74,84,92,98
98:9,66,82,84,88,97
99:3,7,55,56,59,61,100
100:7,10,72,79,81,92,99
101:4,5,44,49,52,59,60
